image_width: 640
image_height: 480
camera_name: camera
camera_matrix:
  rows: 3
  cols: 3
  data: [579.0417582245097, 0, 323.319080476738, 0, 582.9072941448837, 264.954452764378, 0, 0, 1]
distortion_model: plumb_bob
distortion_coefficients:
  rows: 1
  cols: 5
  data: [-0.06172975840919161, 0.1101328221836664, 0.0112772307695497, -0.001065027745894231, 0]
rectification_matrix:
  rows: 3
  cols: 3
  data: [1, 0, 0, 0, 1, 0, 0, 0, 1]
projection_matrix:
  rows: 3
  cols: 4
  data: [580.3411865234375, 0, 322.6286022423301, 0, 0, 579.5204467773438, 269.8283548996224, 0, 0, 0, 1, 0]